{"confusion_matrix": {"labels": ["Real", "Fake"], "matrix": [[0, 1], [0, 599]]}, "correlation_matrix": {"labels": ["platform_encoded", "has_profile_pic", "bio_length", "username_randomness", "followers", "following", "follower_following_ratio", "account_age_days", "posts", "posts_per_day", "caption_similarity_score", "content_similarity_score", "follow_unfollow_rate", "spam_comments_rate", "generic_comment_rate", "suspicious_links_in_bio", "verified", "is_fake"], "matrix": [[1.0, 0.019, 0.033, -0.01, 0.008, 0.01, 0.001, 0.004, -0.005, -0.008, 0.018, 0.033, -0.005, -0.002, 0.009, 0.036, -0.034, -0.01], [0.019, 1.0, 0.027, 0.019, 0.016, -0.01, 0.019, -0.0, 0.019, -0.011, 0.011, -0.028, 0.027, 0.037, 0.011, -0.019, 0.005, -0.049], [0.033, 0.027, 1.0, 0.009, -0.019, -0.001, -0.014, -0.012, -0.004, -0.01, 0.008, -0.011, 0.0, 0.004, 0.006, -0.026, -0.004, 0.013], [-0.01, 0.019, 0.009, 1.0, 0.017, 0.023, -0.0, 0.014, -0.014, -0.004, 0.019, 0.028, -0.013, -0.004, -0.001, -0.009, -0.021, 0.049], [0.008, 0.016, -0.019, 0.017, 1.0, 0.025, 0.798, 0.017, 0.005, -0.008, 0.003, -0.003, -0.027, -0.012, -0.001, -0.028, -0.004, 0.018], [0.01, -0.01, -0.001, 0.023, 0.025, 1.0, -0.581, 0.001, 0.019, 0.007, 0.008, -0.015, 0.003, -0.003, -0.01, 0.01, 0.005, 0.043], [0.001, 0.019, -0.014, -0.0, 0.798, -0.581, 1.0, 0.014, -0.006, -0.011, -0.002, 0.006, -0.023, -0.006, 0.006, -0.03, -0.008, -0.011], [0.004, -0.0, -0.012, 0.014, 0.017, 0.001, 0.014, 1.0, 0.002, -0.203, -0.005, -0.014, 0.037, 0.02, -0.025, -0.003, 0.008, -0.02], [-0.005, 0.019, -0.004, -0.014, 0.005, 0.019, -0.006, 0.002, 1.0, 0.034, 0.033, 0.008, 0.015, 0.003, -0.005, -0.009, 0.019, 0.053], [-0.008, -0.011, -0.01, -0.004, -0.008, 0.007, -0.011, -0.203, 0.034, 1.0, 0.005, -0.032, -0.028, -0.01, 0.018, -0.008, 0.019, 0.006], [0.018, 0.011, 0.008, 0.019, 0.003, 0.008, -0.002, -0.005, 0.033, 0.005, 1.0, -0.015, 0.002, 0.021, -0.017, 0.018, 0.001, 0.035], [0.033, -0.028, -0.011, 0.028, -0.003, -0.015, 0.006, -0.014, 0.008, -0.032, -0.015, 1.0, 0.005, -0.002, 0.006, 0.028, -0.024, 0.033], [-0.005, 0.027, 0.0, -0.013, -0.027, 0.003, -0.023, 0.037, 0.015, -0.028, 0.002, 0.005, 1.0, 0.022, -0.023, 0.028, 0.021, 0.058], [-0.002, 0.037, 0.004, -0.004, -0.012, -0.003, -0.006, 0.02, 0.003, -0.01, 0.021, -0.002, 0.022, 1.0, -0.04, -0.01, 0.006, 0.071], [0.009, 0.011, 0.006, -0.001, -0.001, -0.01, 0.006, -0.025, -0.005, 0.018, -0.017, 0.006, -0.023, -0.04, 1.0, 0.011, 0.017, 0.028], [0.036, -0.019, -0.026, -0.009, -0.028, 0.01, -0.03, -0.003, -0.009, -0.008, 0.018, 0.028, 0.028, -0.01, 0.011, 1.0, 0.003, 0.048], [-0.034, 0.005, -0.004, -0.021, -0.004, 0.005, -0.008, 0.008, 0.019, 0.019, 0.001, -0.024, 0.021, 0.006, 0.017, 0.003, 1.0, -0.035], [-0.01, -0.049, 0.013, 0.049, 0.018, 0.043, -0.011, -0.02, 0.053, 0.006, 0.035, 0.033, 0.058, 0.071, 0.028, 0.048, -0.035, 1.0]]}}